   29.2788563       40.7200775       0.0000000000000000        29.3017235       40.7154274       0.0000000000000000        29.3017235       40.7154274       1999.9999999999998        29.2788563       40.7200775       1999.9999999999998        103.45999999999999        193444.03266512085        4509948.7335363459     
   29.2559853       40.7247162       0.0000000000000000        29.2788563       40.7200775       0.0000000000000000        29.2788563       40.7200775       1999.9999999999998        29.2559853       40.7247162       1999.9999999999998        103.45999999999999        191498.95454012085        4510414.2335363459     
   29.2167187       40.7326736       0.0000000000000000        29.2559834       40.7247162       0.0000000000000000        29.2559834       40.7247162       1999.9999999999998        29.2167187       40.7326736       1999.9999999999998        103.45999999999999        188856.92525760032        4511045.9389166106     
   29.1940784       40.7379494       0.0000000000000000        29.2167149       40.7326775       0.0000000000000000        29.2167149       40.7326775       1999.9999999999998        29.1940784       40.7379494       1999.9999999999998        105.59000000000000        186224.25636959734        4511714.7482881946     
   29.1714363       40.7432175       0.0000000000000000        29.1940784       40.7379456       0.0000000000000000        29.1940784       40.7379456       1999.9999999999998        29.1714363       40.7432175       1999.9999999999998        105.59000000000000        184297.81886959734        4512251.7482881946     
   29.1291332       40.7530518       0.0000000000000000        29.1714363       40.7432213       0.0000000000000000        29.1714363       40.7432213       1999.9999999999998        29.1291332       40.7530518       1999.9999999999998        105.59000000000000        181535.38695316765        4513022.9973447099     
   29.1119003       40.7654076       0.0000000000000000        29.1291332       40.7530518       0.0000000000000000        29.1291332       40.7530518       1999.9999999999998        29.1119003       40.7654076       1999.9999999999998        131.93000000000001        178992.28991296008        4514193.2778134644     
   29.0843143       40.7851753       0.0000000000000000        29.1119003       40.7654076       0.0000000000000000        29.1119003       40.7654076       1999.9999999999998        29.0843143       40.7851753       1999.9999999999998        131.93000000000001        177057.93036856438        4515930.8044173829     
   29.0627842       40.7926941       0.0000000000000000        29.0843143       40.7851677       0.0000000000000000        29.0843143       40.7851677       1999.9999999999998        29.0627842       40.7926941       1999.9999999999998        113.34000000000000        174949.46690058301        4517395.8133982532     
   29.0412483       40.8002090       0.0000000000000000        29.0627842       40.7926903       0.0000000000000000        29.0627842       40.7926903       1999.9999999999998        29.0412483       40.8002090       1999.9999999999998        113.34000000000000        173112.99815058304        4518187.8133982532     
   29.0080643       40.8117905       0.0000000000000000        29.0412483       40.8002167       0.0000000000000000        29.0412483       40.8002167       1999.9999999999998        29.0080643       40.8117905       1999.9999999999998        113.34000000000000        170780.37560285637        4519194.6487949956     
   28.9882603       40.8216934       0.0000000000000000        29.0080643       40.8117867       0.0000000000000000        29.0080643       40.8117867       1999.9999999999998        28.9882603       40.8216934       1999.9999999999998        122.05000000000000        168518.25722171934        4520335.3408760279     
   28.9493313       40.8411446       0.0000000000000000        28.9882584       40.8216934       0.0000000000000000        28.9882584       40.8216934       1999.9999999999998        28.9493313       40.8411446       1999.9999999999998        122.05000000000000        166004.90986555937        4521908.7362618577     
   28.9281750       40.8492813       0.0000000000000000        28.9493313       40.8411446       0.0000000000000000        28.9493313       40.8411446       1999.9999999999998        28.9281750       40.8492813       1999.9999999999998        115.59999999999999        163437.62941341582        4523383.4142519301     
   28.9070148       40.8574181       0.0000000000000000        28.9281750       40.8492813       0.0000000000000000        28.9281750       40.8492813       1999.9999999999998        28.9070148       40.8574181       1999.9999999999998        115.59999999999999        161633.98878841582        4524247.4142519301     
   28.8658714       40.8732185       0.0000000000000000        28.9070110       40.8574181       0.0000000000000000        28.9070110       40.8574181       1999.9999999999998        28.8658714       40.8732185       1999.9999999999998        115.59999999999999        158979.54710608261        4525519.3126553809     
   28.8422852       40.8751793       0.0000000000000000        28.8658714       40.8732185       0.0000000000000000        28.8658714       40.8732185       1999.9999999999998        28.8422852       40.8751793       1999.9999999999998        95.030000000000001        156230.80517909076        4526446.8226634832     
   28.8186951       40.8771324       0.0000000000000000        28.8422813       40.8751793       0.0000000000000000        28.8422813       40.8751793       1999.9999999999998        28.8186951       40.8771324       1999.9999999999998        95.030000000000001        154238.46142909076        4526622.3226634832     
   28.7808647       40.8802567       0.0000000000000000        28.8186951       40.8771324       0.0000000000000000        28.8186951       40.8771324       1999.9999999999998        28.7808647       40.8802567       1999.9999999999998        95.030000000000001        151645.06709534425        4526850.4045760138     
   28.7360439       40.8872948       0.0000000000000000        28.7808647       40.8802567       0.0000000000000000        28.7808647       40.8802567       1999.9999999999998        28.7360439       40.8872948       1999.9999999999998        100.54000000000001        148151.65510085470        4527343.7222814243     
   28.6984348       40.8853416       0.0000000000000000        28.7360439       40.8872948       0.0000000000000000        28.7360439       40.8872948       1999.9999999999998        28.6984348       40.8853416       1999.9999999999998        84.959999999999994        144673.42893140254        4527557.0358184641     
   28.6752491       40.8763466       0.0000000000000000        28.6984329       40.8853416       0.0000000000000000        28.6984329       40.8853416       1999.9999999999998        28.6752491       40.8763466       1999.9999999999998        61.820000000000000        142123.99401340910        4526899.6049865820     
   28.6309433       40.8700943       0.0000000000000000        28.6752491       40.8763466       0.0000000000000000        28.6752491       40.8763466       1999.9999999999998        28.6309433       40.8700943       1999.9999999999998        78.379999999999995        139296.76609536860        4525999.0345630180     
   28.6072254       40.8695335       0.0000000000000000        28.6309433       40.8700867       0.0000000000000000        28.6309433       40.8700867       1999.9999999999998        28.6072254       40.8695335       1999.9999999999998        87.170000000000002        136437.67104656613        4525566.8727363339     
   28.5835094       40.8689690       0.0000000000000000        28.6072254       40.8695297       0.0000000000000000        28.6072254       40.8695297       1999.9999999999998        28.5835094       40.8689690       1999.9999999999998        87.170000000000002        134440.21792156613        4525467.8727363339     
   28.5597916       40.8684006       0.0000000000000000        28.5835075       40.8689651       0.0000000000000000        28.5835075       40.8689651       1999.9999999999998        28.5597916       40.8684006       1999.9999999999998        87.170000000000002        132442.57729656613        4525368.8727363339     
   28.5325394       40.8677444       0.0000000000000000        28.5597916       40.8684006       0.0000000000000000        28.5597916       40.8684006       1999.9999999999998        28.5325394       40.8677444       1999.9999999999998        87.170000000000002        130296.17529745844        4525262.7280415446     
   28.5062675       40.8739967       0.0000000000000000        28.5325432       40.8677444       0.0000000000000000        28.5325432       40.8677444       1999.9999999999998        28.5062675       40.8739967       1999.9999999999998        106.42000000000000        128035.60461129234        4525533.9640469458     
   28.4805088       40.8720474       0.0000000000000000        28.5062675       40.8740044       0.0000000000000000        28.5062675       40.8740044       1999.9999999999998        28.4805088       40.8720474       1999.9999999999998        83.310000000000002        125838.89532337674        4525735.5899198782     
   28.4490814       40.8575745       0.0000000000000000        28.4805088       40.8720474       0.0000000000000000        28.4805088       40.8720474       1999.9999999999998        28.4490814       40.8575745       1999.9999999999998        57.799999999999997        123444.62786702118        4524782.9546560328     
   28.4253559       40.8574638       0.0000000000000000        28.4490814       40.8575706       0.0000000000000000        28.4490814       40.8575706       1999.9999999999998        28.4253559       40.8574638       1999.9999999999998        88.719999999999999        121134.03952974835        4523934.8383560143     
   28.4016304       40.8573532       0.0000000000000000        28.4253559       40.8574638       0.0000000000000000        28.4253559       40.8574638       1999.9999999999998        28.4016304       40.8573532       1999.9999999999998        88.719999999999999        119134.50827974835        4523889.8383560143     
   28.3671627       40.8571815       0.0000000000000000        28.4016304       40.8573532       0.0000000000000000        28.4016304       40.8573532       1999.9999999999998        28.3671627       40.8571815       1999.9999999999998        88.719999999999999        116682.41000139940        4523834.9511586754     
   28.3442249       40.8525848       0.0000000000000000        28.3671627       40.8571815       0.0000000000000000        28.3671627       40.8571815       1999.9999999999998        28.3442249       40.8525848       1999.9999999999998        74.329999999999998        114267.23173201767        4523532.5963417413     
   28.3125553       40.8462296       0.0000000000000000        28.3442249       40.8525848       0.0000000000000000        28.3442249       40.8525848       1999.9999999999998        28.3125553       40.8462296       1999.9999999999998        74.329999999999998        111974.99529015341        4522889.4598373361     
   28.2889938       40.8441467       0.0000000000000000        28.3125553       40.8462296       0.0000000000000000        28.3125553       40.8462296       1999.9999999999998        28.2889938       40.8441467       1999.9999999999998        82.519999999999996        109653.97473517049        4522386.1801035218     
   28.2654305       40.8420677       0.0000000000000000        28.2889900       40.8441544       0.0000000000000000        28.2889900       40.8441544       1999.9999999999998        28.2654305       40.8420677       1999.9999999999998        82.519999999999996        107670.86536017049        4522126.1801035218     
   28.2373371       40.8395729       0.0000000000000000        28.2654305       40.8420677       0.0000000000000000        28.2654305       40.8420677       1999.9999999999998        28.2373371       40.8395729       1999.9999999999998        82.519999999999996        105497.12314832026        4521840.7261068989     
   28.1935444       40.8352737       0.0000000000000000        28.2373371       40.8395805       0.0000000000000000        28.2373371       40.8395805       1999.9999999999998        28.1935444       40.8352737       1999.9999999999998        81.829999999999998        102472.16999987824        4521421.5525181247     
   28.1538734       40.8200111       0.0000000000000000        28.1935444       40.8352737       0.0000000000000000        28.1935444       40.8352737       1999.9999999999998        28.1538734       40.8200111       1999.9999999999998        62.369999999999997        98968.337310316536        4520287.0522943148     
   28.1245098       40.8239250       0.0000000000000000        28.1538773       40.8200111       0.0000000000000000        28.1538773       40.8200111       1999.9999999999998        28.1245098       40.8239250       1999.9999999999998        99.209999999999994        96066.144352909847        4519618.7751761498     
   28.1018410       40.8153152       0.0000000000000000        28.1245098       40.8239250       0.0000000000000000        28.1245098       40.8239250       1999.9999999999998        28.1018410       40.8153152       1999.9999999999998        62.710000000000001        93875.326446049119        4519330.0159428138     
   28.0606251       40.8055305       0.0000000000000000        28.1018391       40.8153152       0.0000000000000000        28.1018391       40.8153152       1999.9999999999998        28.0606251       40.8055305       1999.9999999999998        71.939999999999998        91194.040416982301        4518275.5813080557     
   28.0420799       40.7992630       0.0000000000000000        28.0606270       40.8055267       0.0000000000000000        28.0606270       40.8055267       1999.9999999999998        28.0420799       40.7992630       1999.9999999999998        65.349999999999994        88684.676211773753        4517353.5592089938     
   28.0091038       40.8047447       0.0000000000000000        28.0420799       40.7992630       0.0000000000000000        28.0420799       40.7992630       1999.9999999999998        28.0091038       40.8047447       1999.9999999999998        101.67000000000000        86512.203101445804        4517284.5227445327     
   27.9858418       40.8082237       0.0000000000000000        28.0091076       40.8047447       0.0000000000000000        28.0091076       40.8047447       1999.9999999999998        27.9858418       40.8082237       1999.9999999999998        100.47000000000000        84134.608008254727        4517754.2793315174     
   27.9514046       40.8133583       0.0000000000000000        27.9858418       40.8082237       0.0000000000000000        27.9858418       40.8082237       1999.9999999999998        27.9514046       40.8133583       1999.9999999999998        100.47000000000000        81695.833373169182        4518205.0406961376     
   27.9251289       40.8164902       0.0000000000000000        27.9514046       40.8133583       0.0000000000000000        27.9514046       40.8133583       1999.9999999999998        27.9251289       40.8164902       1999.9999999999998        98.299999999999997        79130.664628928076        4518636.0900874119     
   27.8983402       40.8121834       0.0000000000000000        27.9251289       40.8164902       0.0000000000000000        27.9251289       40.8164902       1999.9999999999998        27.8983402       40.8121834       1999.9999999999998        77.459999999999994        76893.527258026341        4518547.2249831846     
   27.8746319       40.8125114       0.0000000000000000        27.8983402       40.8121834       0.0000000000000000        27.8983402       40.8121834       1999.9999999999998        27.8746319       40.8125114       1999.9999999999998        90.459999999999994        74766.311521845986        4518304.4715717509     
   27.8509235       40.8128319       0.0000000000000000        27.8746319       40.8125114       0.0000000000000000        27.8746319       40.8125114       1999.9999999999998        27.8509235       40.8128319       1999.9999999999998        90.459999999999994        72766.389646845986        4518320.4715717509     
   27.8272152       40.8131485       0.0000000000000000        27.8509235       40.8128319       0.0000000000000000        27.8509235       40.8128319       1999.9999999999998        27.8272152       40.8131485       1999.9999999999998        90.459999999999994        70766.483396845986        4518336.4715717509     
   27.8035049       40.8134613       0.0000000000000000        27.8272133       40.8131485       0.0000000000000000        27.8272133       40.8131485       1999.9999999999998        27.8035049       40.8134613       1999.9999999999998        90.459999999999994        68766.452146845986        4518352.4715717509     
   27.7797966       40.8137665       0.0000000000000000        27.8035049       40.8134613       0.0000000000000000        27.8035049       40.8134613       1999.9999999999998        27.7797966       40.8137665       1999.9999999999998        90.459999999999994        66766.600584345986        4518368.4715717509     
   27.7504807       40.8141403       0.0000000000000000        27.7797966       40.8137665       0.0000000000000000        27.7797966       40.8137665       1999.9999999999998        27.7504807       40.8141403       1999.9999999999998        90.459999999999994        64530.234838331293        4518386.5730922008     
   27.7257538       40.8074913       0.0000000000000000        27.7504807       40.8141403       0.0000000000000000        27.7504807       40.8141403       1999.9999999999998        27.7257538       40.8074913       1999.9999999999998        70.019999999999996        62254.102373717433        4518018.5344774295     
   27.7021713       40.8093719       0.0000000000000000        27.7257538       40.8074837       0.0000000000000000        27.7257538       40.8074837       1999.9999999999998        27.7021713       40.8093719       1999.9999999999998        95.549999999999997        60219.023118087469        4517736.7856376674     
   27.6768074       40.8113976       0.0000000000000000        27.7021713       40.8093719       0.0000000000000000        27.7021713       40.8093719       1999.9999999999998        27.6768074       40.8113976       1999.9999999999998        95.549999999999997        58153.173843870143        4517937.4798356593     
   27.6536522       40.8075180       0.0000000000000000        27.6768055       40.8114052       0.0000000000000000        27.6768055       40.8114052       1999.9999999999998        27.6536522       40.8075180       1999.9999999999998        77.120000000000005        56107.780465008836        4517818.9098442616     
   27.6305008       40.8036308       0.0000000000000000        27.6536522       40.8075180       0.0000000000000000        27.6536522       40.8075180       1999.9999999999998        27.6305008       40.8036308       1999.9999999999998        77.120000000000005        54158.143746258836        4517372.9098442616     
   27.6073532       40.7997398       0.0000000000000000        27.6305008       40.8036346       0.0000000000000000        27.6305008       40.8036346       1999.9999999999998        27.6073532       40.7997398       1999.9999999999998        77.120000000000005        52208.444527508836        4516927.4098442616     
   27.5696468       40.7933922       0.0000000000000000        27.6073494       40.7997398       0.0000000000000000        27.6073494       40.7997398       1999.9999999999998        27.5696468       40.7933922       1999.9999999999998        77.120000000000005        49645.548053611761        4516341.6112277545     
   27.5459461       40.7937737       0.0000000000000000        27.5696468       40.7933922       0.0000000000000000        27.5696468       40.7933922       1999.9999999999998        27.5459461       40.7937737       1999.9999999999998        90.849999999999994        47057.710271838048        4515993.1652456382     
   27.5222454       40.7941475       0.0000000000000000        27.5459461       40.7937737       0.0000000000000000        27.5459461       40.7937737       1999.9999999999998        27.5222454       40.7941475       1999.9999999999998        90.849999999999994        45057.979803088048        4516022.6652456382     
   27.4985428       40.7945175       0.0000000000000000        27.5222435       40.7941475       0.0000000000000000        27.5222435       40.7941475       1999.9999999999998        27.4985428       40.7945175       1999.9999999999998        90.849999999999994        43058.120428088056        4516052.1652456382     
   27.4702129       40.7949600       0.0000000000000000        27.4985428       40.7945175       0.0000000000000000        27.4985428       40.7945175       1999.9999999999998        27.4702129       40.7949600       1999.9999999999998        90.849999999999994        40863.191919616627        4516084.7698748307     
   27.4485703       40.7876129       0.0000000000000000        27.4702129       40.7949638       0.0000000000000000        27.4702129       40.7949638       1999.9999999999998        27.4485703       40.7876129       1999.9999999999998        65.629999999999995        38757.239672003256        4515690.1275351997     
   27.4269276       40.7802582       0.0000000000000000        27.4485683       40.7876129       0.0000000000000000        27.4485683       40.7876129       1999.9999999999998        27.4269276       40.7802582       1999.9999999999998        65.629999999999995        36935.352953253256        4514864.6275351997     
   27.4022083       40.7718506       0.0000000000000000        27.4269314       40.7802582       0.0000000000000000        27.4269314       40.7802582       1999.9999999999998        27.4022083       40.7718506       1999.9999999999998        65.629999999999995        34983.714057975645        4513980.4744130224     
   27.3799477       40.7656784       0.0000000000000000        27.4022083       40.7718506       0.0000000000000000        27.4022083       40.7718506       1999.9999999999998        27.3799477       40.7656784       1999.9999999999998        69.709999999999994        33004.898683283100        4513162.2719497075     
   27.3576870       40.7595062       0.0000000000000000        27.3799477       40.7656860       0.0000000000000000        27.3799477       40.7656860       1999.9999999999998        27.3576870       40.7595062       1999.9999999999998        69.709999999999994        31129.078370783096        4512469.2719497075     
   27.3354301       40.7533264       0.0000000000000000        27.3576870       40.7595062       0.0000000000000000        27.3576870       40.7595062       1999.9999999999998        27.3354301       40.7533264       1999.9999999999998        69.709999999999994        29253.072511408096        4511775.7719497075     
   27.3131790       40.7471390       0.0000000000000000        27.3354301       40.7533226       0.0000000000000000        27.3354301       40.7533226       1999.9999999999998        27.3131790       40.7471390       1999.9999999999998        69.709999999999994        27377.205323908096        4511081.7719497075     
   27.2909317       40.7409515       0.0000000000000000        27.3131790       40.7471428       0.0000000000000000        27.3131790       40.7471428       1999.9999999999998        27.2909317       40.7409515       1999.9999999999998        69.709999999999994        25501.312745783096        4510388.7719497075     
   27.2686882       40.7347565       0.0000000000000000        27.2909317       40.7409515       0.0000000000000000        27.2909317       40.7409515       1999.9999999999998        27.2686882       40.7347565       1999.9999999999998        69.709999999999994        23625.396730158096        4509694.7719497075     
   27.2464485       40.7285652       0.0000000000000000        27.2686882       40.7347603       0.0000000000000000        27.2686882       40.7347603       1999.9999999999998        27.2464485       40.7285652       1999.9999999999998        69.709999999999994        21749.453370783096        4509001.7719497075     
   27.2242126       40.7223587       0.0000000000000000        27.2464485       40.7285652       0.0000000000000000        27.2464485       40.7285652       1999.9999999999998        27.2242126       40.7223587       1999.9999999999998        69.709999999999994        19873.488527033096        4508308.2719497075     
   27.2019825       40.7161522       0.0000000000000000        27.2242126       40.7223587       0.0000000000000000        27.2242126       40.7223587       1999.9999999999998        27.2019825       40.7161522       1999.9999999999998        69.709999999999994        17997.656495783096        4507614.7719497075     
   27.1797543       40.7099419       0.0000000000000000        27.2019825       40.7161522       0.0000000000000000        27.2019825       40.7161522       1999.9999999999998        27.1797543       40.7099419       1999.9999999999998        69.709999999999994        16121.640870783096        4506921.2719497075     
   27.1575317       40.7037239       0.0000000000000000        27.1797543       40.7099380       0.0000000000000000        27.1797543       40.7099380       1999.9999999999998        27.1575317       40.7037239       1999.9999999999998        69.709999999999994        14245.760011408096        4506227.2719497075     
   27.1209145       40.6934738       0.0000000000000000        27.1575298       40.7037277       0.0000000000000000        27.1575298       40.7037277       1999.9999999999998        27.1209145       40.6934738       1999.9999999999998        69.709999999999994        11761.892132419161        4505309.5148586882     
   27.0991364       40.6864166       0.0000000000000000        27.1209145       40.6934738       0.0000000000000000        27.1209145       40.6934738       1999.9999999999998        27.0991364       40.6864166       1999.9999999999998        66.859999999999999        9296.4575181265027        4504344.9791726526     
   27.0773640       40.6793518       0.0000000000000000        27.0991364       40.6864166       0.0000000000000000        27.0991364       40.6864166       1999.9999999999998        27.0773640       40.6793518       1999.9999999999998        66.859999999999999        7457.4047837515027        4503558.9791726526     
   27.0555954       40.6722832       0.0000000000000000        27.0773640       40.6793518       0.0000000000000000        27.0773640       40.6793518       1999.9999999999998        27.0555954       40.6722832       1999.9999999999998        66.859999999999999        5618.2875962515027        4502772.9791726526     
   27.0338326       40.6652107       0.0000000000000000        27.0555954       40.6722832       0.0000000000000000        27.0555954       40.6722832       1999.9999999999998        27.0338326       40.6652107       1999.9999999999998        66.859999999999999        3779.1040025015027        4501986.9791726526     
   27.0120716       40.6581383       0.0000000000000000        27.0338326       40.6652145       0.0000000000000000        27.0338326       40.6652145       1999.9999999999998        27.0120716       40.6581383       1999.9999999999998        66.859999999999999        1940.0156235952527        4501201.4791726526     
   26.9903164       40.6510582       0.0000000000000000        27.0120716       40.6581383       0.0000000000000000        27.0120716       40.6581383       1999.9999999999998        26.9903164       40.6510582       1999.9999999999998        66.859999999999999        100.86114361478394        4500415.4791726526     
   26.9685650       40.6439705       0.0000000000000000        26.9903164       40.6510582       0.0000000000000000        26.9903164       40.6510582       1999.9999999999998        26.9685650       40.6439705       1999.9999999999998        66.859999999999999       -1738.1984877328723        4499629.4791726526     
   26.9468212       40.6368866       0.0000000000000000        26.9685650       40.6439781       0.0000000000000000        26.9685650       40.6439781       1999.9999999999998        26.9468212       40.6368866       1999.9999999999998        66.859999999999999       -3577.3247084359973        4498843.9791726526     
   26.9250793       40.6297951       0.0000000000000000        26.9468212       40.6368866       0.0000000000000000        26.9468212       40.6368866       1999.9999999999998        26.9250793       40.6297951       1999.9999999999998        66.859999999999999       -5416.5175795297473        4498057.9791726526     
   26.9033432       40.6226959       0.0000000000000000        26.9250793       40.6297951       0.0000000000000000        26.9250793       40.6297951       1999.9999999999998        26.9033432       40.6226959       1999.9999999999998        66.859999999999999       -7255.6162123422473        4497271.9791726526     
   26.8816109       40.6155968       0.0000000000000000        26.9033432       40.6226959       0.0000000000000000        26.9033432       40.6226959       1999.9999999999998        26.8816109       40.6155968       1999.9999999999998        66.859999999999999       -9094.7817396859973        4496485.9791726526     
   26.8581676       40.6079369       0.0000000000000000        26.8816109       40.6156006       0.0000000000000000        26.8816109       40.6156006       1999.9999999999998        26.8581676       40.6079369       1999.9999999999998        66.859999999999999       -11006.507087160826        4495669.5343528111     
   26.8356457       40.6024551       0.0000000000000000        26.8581676       40.6079292       0.0000000000000000        26.8581676       40.6079292       1999.9999999999998        26.8356457       40.6024551       1999.9999999999998        72.409999999999997       -12951.926501734437        4494942.7035195846     
   26.8097382       40.5961533       0.0000000000000000        26.8356438       40.6024590       0.0000000000000000        26.8356438       40.6024590       1999.9999999999998        26.8097382       40.5961533       1999.9999999999998        72.409999999999997       -15001.939389772408        4494293.1655079704     
   26.7879677       40.5891380       0.0000000000000000        26.8097382       40.5961533       0.0000000000000000        26.8097382       40.5961533       1999.9999999999998        26.7879677       40.5891380       1999.9999999999998        67.219999999999999       -17020.521175599853        4493558.1937671676     
   26.7662010       40.5821190       0.0000000000000000        26.7879677       40.5891380       0.0000000000000000        26.7879677       40.5891380       1999.9999999999998        26.7662010       40.5821190       1999.9999999999998        67.219999999999999       -18864.523128724853        4492783.6937671676     
   26.7444382       40.5750961       0.0000000000000000        26.7662010       40.5821190       0.0000000000000000        26.7662010       40.5821190       1999.9999999999998        26.7444382       40.5750961       1999.9999999999998        67.219999999999999       -20708.585628724853        4492009.1937671676     
   26.7226830       40.5680695       0.0000000000000000        26.7444382       40.5750961       0.0000000000000000        26.7444382       40.5750961       1999.9999999999998        26.7226830       40.5680695       1999.9999999999998        67.219999999999999       -22552.552425599853        4491234.6937671676     
   26.7009258       40.5610390       0.0000000000000000        26.7226791       40.5680733       0.0000000000000000        26.7226791       40.5680733       1999.9999999999998        26.7009258       40.5610390       1999.9999999999998        67.219999999999999       -24396.583675599853        4490460.6937671676     
   26.6791801       40.5540047       0.0000000000000000        26.7009296       40.5610390       0.0000000000000000        26.7009296       40.5610390       1999.9999999999998        26.6791801       40.5540047       1999.9999999999998        67.219999999999999       -26240.515316224853        4489686.1937671676     
   26.6574383       40.5469627       0.0000000000000000        26.6791801       40.5540047       0.0000000000000000        26.6791801       40.5540047       1999.9999999999998        26.6574383       40.5469627       1999.9999999999998        67.219999999999999       -28084.513363099853        4488911.6937671676     
   26.6356945       40.5399246       0.0000000000000000        26.6574345       40.5469704       0.0000000000000000        26.6574345       40.5469704       1999.9999999999998        26.6356945       40.5399246       1999.9999999999998        67.219999999999999       -29928.573909974853        4488137.6937671676     
   26.6139622       40.5328751       0.0000000000000000        26.6356983       40.5399208       0.0000000000000000        26.6356983       40.5399208       1999.9999999999998        26.6139622       40.5328751       1999.9999999999998        67.219999999999999       -31772.540706849853        4487362.6937671676     
   26.5922337       40.5258255       0.0000000000000000        26.6139622       40.5328789       0.0000000000000000        26.6139622       40.5328789       1999.9999999999998        26.5922337       40.5258255       1999.9999999999998        67.219999999999999       -33616.571956849853        4486588.6937671676     
   26.5705070       40.5187683       0.0000000000000000        26.5922337       40.5258255       0.0000000000000000        26.5922337       40.5258255       1999.9999999999998        26.5705070       40.5187683       1999.9999999999998        67.219999999999999       -35460.501644349853        4485814.1937671676     
   26.5487862       40.5117111       0.0000000000000000        26.5705070       40.5187683       0.0000000000000000        26.5705070       40.5187683       1999.9999999999998        26.5487862       40.5117111       1999.9999999999998        67.219999999999999       -37304.501644349853        4485039.6937671676     
   26.5270691       40.5046501       0.0000000000000000        26.5487862       40.5117149       0.0000000000000000        26.5487862       40.5117149       1999.9999999999998        26.5270691       40.5046501       1999.9999999999998        67.219999999999999       -39148.564144349853        4484265.6937671676     
   26.4954720       40.4943619       0.0000000000000000        26.5270710       40.5046501       0.0000000000000000        26.5270710       40.5046501       1999.9999999999998        26.4954720       40.4943619       1999.9999999999998        67.219999999999999       -41412.350928623207        4483315.0411743969     
   26.4725723       40.4899979       0.0000000000000000        26.4954720       40.4943581       0.0000000000000000        26.4954720       40.4943581       1999.9999999999998        26.4725723       40.4899979       1999.9999999999998        76.340000000000003       -43726.000621619700        4482514.6598166823     
   26.4496765       40.4856339       0.0000000000000000        26.4725742       40.4899979       0.0000000000000000        26.4725742       40.4899979       1999.9999999999998        26.4496765       40.4856339       1999.9999999999998        76.340000000000003       -45669.375621619700        4482042.1598166823     
   26.4267826       40.4812698       0.0000000000000000        26.4496765       40.4856339       0.0000000000000000        26.4496765       40.4856339       1999.9999999999998        26.4267826       40.4812698       1999.9999999999998        76.340000000000003       -47612.840465369700        4481569.6598166823     
   26.4038944       40.4768982       0.0000000000000000        26.4267826       40.4812698       0.0000000000000000        26.4267826       40.4812698       1999.9999999999998        26.4038944       40.4768982       1999.9999999999998        76.340000000000003       -49556.238902869700        4481097.6598166823     
   26.3810062       40.4725227       0.0000000000000000        26.4038944       40.4768982       0.0000000000000000        26.4038944       40.4768982       1999.9999999999998        26.3810062       40.4725227       1999.9999999999998        76.340000000000003       -51499.570934119700        4480625.1598166823     
   26.3581219       40.4681435       0.0000000000000000        26.3810062       40.4725227       0.0000000000000000        26.3810062       40.4725227       1999.9999999999998        26.3581219       40.4681435       1999.9999999999998        76.340000000000003       -53442.996715369700        4480152.6598166823     
   26.3352432       40.4637527       0.0000000000000000        26.3581219       40.4681358       0.0000000000000000        26.3581219       40.4681358       1999.9999999999998        26.3352432       40.4637527       1999.9999999999998        76.340000000000003       -55386.359996619700        4479679.6598166823     
   26.3123627       40.4593658       0.0000000000000000        26.3352394       40.4637527       0.0000000000000000        26.3352394       40.4637527       1999.9999999999998        26.3123627       40.4593658       1999.9999999999998        76.340000000000003       -57329.813121619700        4479207.6598166823     
   26.2894859       40.4549637       0.0000000000000000        26.3123627       40.4593620       0.0000000000000000        26.3123627       40.4593620       1999.9999999999998        26.2894859       40.4549637       1999.9999999999998        76.340000000000003       -59273.207652869700        4478734.6598166823     
   26.2666187       40.4505730       0.0000000000000000        26.2894897       40.4549713       0.0000000000000000        26.2894897       40.4549713       1999.9999999999998        26.2666187       40.4505730       1999.9999999999998        76.340000000000003       -61216.531871619700        4478262.6598166823     
   26.2437477       40.4461670       0.0000000000000000        26.2666187       40.4505730       0.0000000000000000        26.2666187       40.4505730       1999.9999999999998        26.2437477       40.4461670       1999.9999999999998        76.340000000000003       -63159.949840369700        4477790.1598166823     
   26.2100563       40.4396667       0.0000000000000000        26.2437477       40.4461632       0.0000000000000000        26.2437477       40.4461632       1999.9999999999998        26.2100563       40.4396667       1999.9999999999998        76.340000000000003       -65563.517322334606        4477205.4980269931     
   26.1877995       40.4337196       0.0000000000000000        26.2100563       40.4396667       0.0000000000000000        26.2100563       40.4396667       1999.9999999999998        26.1877995       40.4337196       1999.9999999999998        71.250000000000000       -67942.171440012578        4476535.9394616112     
   26.1655426       40.4277687       0.0000000000000000        26.1877995       40.4337196       0.0000000000000000        26.1877995       40.4337196       1999.9999999999998        26.1655426       40.4277687       1999.9999999999998        71.250000000000000       -69836.046440012578        4475892.9394616112     
   26.1432934       40.4218140       0.0000000000000000        26.1655426       40.4277687       0.0000000000000000        26.1655426       40.4277687       1999.9999999999998        26.1432934       40.4218140       1999.9999999999998        71.250000000000000       -71729.929252512578        4475249.9394616112     
   26.1210461       40.4158592       0.0000000000000000        26.1432934       40.4218178       0.0000000000000000        26.1432934       40.4218178       1999.9999999999998        26.1210461       40.4158592       1999.9999999999998        71.250000000000000       -73623.671440012578        4474607.4394616112     
   26.0988064       40.4098892       0.0000000000000000        26.1210461       40.4158516       0.0000000000000000        26.1210461       40.4158516       1999.9999999999998        26.0988064       40.4098892       1999.9999999999998        71.250000000000000       -75517.429252512578        4473963.9394616112     
   26.0765648       40.4039230       0.0000000000000000        26.0988026       40.4098930       0.0000000000000000        26.0988026       40.4098930       1999.9999999999998        26.0765648       40.4039230       1999.9999999999998        71.250000000000000       -77411.358940012578        4473321.4394616112     
   26.0543327       40.3979492       0.0000000000000000        26.0765648       40.4039192       0.0000000000000000        26.0765648       40.4039192       1999.9999999999998        26.0543327       40.3979492       1999.9999999999998        71.250000000000000       -79305.148002512578        4472677.9394616112     
   26.0132504       40.3869019       0.0000000000000000        26.0543327       40.3979492       0.0000000000000000        26.0543327       40.3979492       1999.9999999999998        26.0132504       40.3869019       1999.9999999999998        71.250000000000000       -82002.025548067002        4471762.5442438833     
   25.9901581       40.3833275       0.0000000000000000        26.0132504       40.3869057       0.0000000000000000        26.0132504       40.3869057       1999.9999999999998        25.9901581       40.3833275       1999.9999999999998        79.200000000000003       -84734.298691057804        4470981.3813127205     
   25.9670696       40.3797493       0.0000000000000000        25.9901581       40.3833275       0.0000000000000000        25.9901581       40.3833275       1999.9999999999998        25.9670696       40.3797493       1999.9999999999998        79.200000000000003       -86698.908066057804        4470606.3813127205     
   25.9439812       40.3761635       0.0000000000000000        25.9670696       40.3797493       0.0000000000000000        25.9670696       40.3797493       1999.9999999999998        25.9439812       40.3761635       1999.9999999999998        79.200000000000003       -88663.415878557804        4470231.8813127205     
   25.9208946       40.3725739       0.0000000000000000        25.9439812       40.3761635       0.0000000000000000        25.9439812       40.3761635       1999.9999999999998        25.9208946       40.3725739       1999.9999999999998        79.200000000000003       -90628.134628557804        4469856.8813127205     
   25.8978119       40.3689880       0.0000000000000000        25.9208946       40.3725815       0.0000000000000000        25.9208946       40.3725815       1999.9999999999998        25.8978119       40.3689880       1999.9999999999998        79.200000000000003       -92592.744003557804        4469482.8813127205     
   25.8747330       40.3653831       0.0000000000000000        25.8978119       40.3689880       0.0000000000000000        25.8978119       40.3689880       1999.9999999999998        25.8747330       40.3653831       1999.9999999999998        79.200000000000003       -94557.251816057804        4469107.8813127205     
   25.8516541       40.3617859       0.0000000000000000        25.8747311       40.3653908       0.0000000000000000        25.8747311       40.3653908       1999.9999999999998        25.8516541       40.3617859       1999.9999999999998        79.200000000000003       -96521.978378557804        4468733.3813127205     
   25.8285809       40.3581810       0.0000000000000000        25.8516560       40.3617859       0.0000000000000000        25.8516560       40.3617859       1999.9999999999998        25.8285809       40.3581810       1999.9999999999998        79.200000000000003       -98486.431503557804        4468358.8813127205     
   25.8055096       40.3545647       0.0000000000000000        25.8285789       40.3581810       0.0000000000000000        25.8285789       40.3581810       1999.9999999999998        25.8055096       40.3545647       1999.9999999999998        79.200000000000003       -100451.10337855780        4467983.8813127205     
   25.7824383       40.3509521       0.0000000000000000        25.8055096       40.3545685       0.0000000000000000        25.8055096       40.3545685       1999.9999999999998        25.7824383       40.3509521       1999.9999999999998        79.200000000000003       -102415.66587855780        4467609.3813127205     
   25.7453518       40.3451271       0.0000000000000000        25.7824383       40.3509521       0.0000000000000000        25.7824383       40.3509521       1999.9999999999998        25.7453518       40.3451271       1999.9999999999998        79.200000000000003       -104977.31315766697        4467120.7773035578     
   25.7228813       40.3397522       0.0000000000000000        25.7453499       40.3451309       0.0000000000000000        25.7453499       40.3451309       1999.9999999999998        25.7228813       40.3397522       1999.9999999999998        73.450000000000003       -107515.32692413115        4466535.3519613650     
   25.7004128       40.3343658       0.0000000000000000        25.7228775       40.3397522       0.0000000000000000        25.7228775       40.3397522       1999.9999999999998        25.7004128       40.3343658       1999.9999999999998        73.450000000000003       -109432.54567413115        4465965.3519613650     
   25.6779461       40.3289833       0.0000000000000000        25.7004089       40.3343658       0.0000000000000000        25.7004089       40.3343658       1999.9999999999998        25.6779461       40.3289833       1999.9999999999998        73.450000000000003       -111349.75661163115        4465395.8519613650     
   25.6554852       40.3235931       0.0000000000000000        25.6779461       40.3289833       0.0000000000000000        25.6779461       40.3289833       1999.9999999999998        25.6554852       40.3235931       1999.9999999999998        73.450000000000003       -113266.95973663115        4464826.3519613650     
   25.6330299       40.3181992       0.0000000000000000        25.6554871       40.3235931       0.0000000000000000        25.6554871       40.3235931       1999.9999999999998        25.6330299       40.3181992       1999.9999999999998        73.450000000000003       -115183.98317413115        4464256.8519613650     
   25.6072807       40.3120117       0.0000000000000000        25.6330299       40.3182030       0.0000000000000000        25.6330299       40.3182030       1999.9999999999998        25.6072807       40.3120117       1999.9999999999998        73.450000000000003       -117241.89946117495        4463645.6653826330     
   25.5868301       40.3030891       0.0000000000000000        25.6072807       40.3120117       0.0000000000000000        25.6072807       40.3120117       1999.9999999999998        25.5868301       40.3030891       1999.9999999999998        61.240000000000002       -119217.94315336039        4462837.6417728672     
   25.5629730       40.2926788       0.0000000000000000        25.5868301       40.3030891       0.0000000000000000        25.5868301       40.3030891       1999.9999999999998        25.5629730       40.2926788       1999.9999999999998        61.240000000000002       -121117.80445744313        4461795.0766510312     
   25.5404720       40.2874146       0.0000000000000000        25.5629730       40.2926750       0.0000000000000000        25.5629730       40.2926750       1999.9999999999998        25.5404720       40.2874146       1999.9999999999998        73.959999999999994       -123102.11066310071        4460956.8083728226     
   25.5179768       40.2821579       0.0000000000000000        25.5404720       40.2874222       0.0000000000000000        25.5404720       40.2874222       1999.9999999999998        25.5179768       40.2821579       1999.9999999999998        73.959999999999994       -125024.25910060071        4460404.8083728226     
   25.4954796       40.2768898       0.0000000000000000        25.5179768       40.2821579       0.0000000000000000        25.5179768       40.2821579       1999.9999999999998        25.4954796       40.2768898       1999.9999999999998        73.959999999999994       -126946.39972560071        4459852.3083728226     
   25.4729900       40.2716179       0.0000000000000000        25.4954796       40.2768898       0.0000000000000000        25.4954796       40.2768898       1999.9999999999998        25.4729900       40.2716179       1999.9999999999998        73.959999999999994       -128868.68097560071        4459299.8083728226     
   25.4315987       40.2619019       0.0000000000000000        25.4729900       40.2716217       0.0000000000000000        25.4729900       40.2716217       1999.9999999999998        25.4315987       40.2619019       1999.9999999999998        73.959999999999994       -131598.99276395270        4458515.1408971986     
   25.4083519       40.2591858       0.0000000000000000        25.4315987       40.2619019       0.0000000000000000        25.4315987       40.2619019       1999.9999999999998        25.4083519       40.2591858       1999.9999999999998        82.359999999999999       -134359.31453677092        4457873.4483557222     
   25.3851070       40.2564697       0.0000000000000000        25.4083519       40.2591858       0.0000000000000000        25.4083519       40.2591858       1999.9999999999998        25.3851070       40.2564697       1999.9999999999998        82.359999999999999       -136341.59578677092        4457607.4483557222     
   25.3618660       40.2537498       0.0000000000000000        25.3851070       40.2564735       0.0000000000000000        25.3851070       40.2564735       1999.9999999999998        25.3618660       40.2537498       1999.9999999999998        82.359999999999999       -138323.70516177092        4457341.9483557222     
   25.3386250       40.2510223       0.0000000000000000        25.3618660       40.2537498       0.0000000000000000        25.3618660       40.2537498       1999.9999999999998        25.3386250       40.2510223       1999.9999999999998        82.359999999999999       -140306.00203677092        4457075.9483557222     
   25.3069229       40.2472954       0.0000000000000000        25.3386250       40.2510185       0.0000000000000000        25.3386250       40.2510185       1999.9999999999998        25.3069229       40.2472954       1999.9999999999998        82.359999999999999       -142649.25456112926        4456761.3701455723     
