158 
 40.72007535  29.27885615  40.71542900  29.30172397 103.46 2000.00 15000.00 
 40.72471724  29.25598495  40.72007535  29.27885615 103.46 2000.00 15000.00 
 40.73267500  29.21671697  40.72471724  29.25598495 103.46 3433.15 15000.00 
 40.73794922  29.19407884  40.73267500  29.21671697 105.59 2000.00 15000.00 
 40.74321908  29.17143696  40.73794922  29.19407884 105.59 2000.00 15000.00 
 40.75305100  29.12913397  40.74321908  29.17143696 105.59 3735.81 15000.00 
 40.76540613  29.11190065  40.75305100  29.12913397 131.93 2000.00 15000.00 
 40.78517000  29.08431297  40.76540613  29.11190065 131.93 3200.12 15000.00 
 40.79269411  29.06278350  40.78517000  29.08431297 113.34 2000.00 15000.00 
 40.80021430  29.04124904  40.79269411  29.06278350 113.34 2000.00 15000.00 
 40.81179200  29.00806397  40.80021430  29.04124904 113.34 3081.13 15000.00 
 40.82169428  28.98826163  40.81179200  29.00806397 122.05 2000.00 15000.00 
 40.84114300  28.94933198  40.82169428  28.98826163 122.05 3930.07 15000.00 
 40.84928280  28.92817469  40.84114300  28.94933198 115.60 2000.00 15000.00 
 40.85741881  28.90701211  40.84928280  28.92817469 115.60 2000.00 15000.00 
 40.87321900  28.86587098  40.85741881  28.90701211 115.60 3886.67 15000.00 
 40.87517860  28.84228325  40.87321900  28.86587098  95.03 2000.00 15000.00 
 40.87713340  28.81869396  40.87517860  28.84228325  95.03 2000.00 15000.00 
 40.88025800  28.78086398  40.87713340  28.81869396  95.03 3207.11 15000.00 
 40.88729600  28.73604298  40.88025800  28.78086398 100.54 3857.14 15000.00 
 40.88534100  28.69843398  40.88729600  28.73604298  84.96 3176.64 15000.00 
 40.87634701  28.67524998  40.88534100  28.69843398  61.82 2194.23 15000.00 
 40.87009001  28.63094298  40.87634701  28.67524998  78.38 3798.38 15000.00 
 40.86953226  28.60722566  40.87009001  28.63094298  87.17 2000.00 15000.00 
 40.86896962  28.58350858  40.86953226  28.60722566  87.17 2000.00 15000.00 
 40.86840210  28.55979174  40.86896962  28.58350858  87.17 2000.00 15000.00 
 40.86774401  28.53254198  40.86840210  28.55979174  87.17 2297.95 15000.00 
 40.87400101  28.50626698  40.86774401  28.53254198 106.42 2320.93 15000.00 
 40.87204601  28.48050698  40.87400101  28.50626698  83.31 2181.85 15000.00 
 40.85757401  28.44908098  40.87204601  28.48050698  57.80 3098.11 15000.00 
 40.85746675  28.42535594  40.85757401  28.44908098  88.72 2000.00 15000.00 
 40.85735461  28.40163083  40.85746675  28.42535594  88.72 2000.00 15000.00 
 40.85718301  28.36716498  40.85735461  28.40163083  88.72 2905.42 15000.00 
 40.85258572  28.34422560  40.85718301  28.36716498  74.33 2000.00 15000.00 
 40.84623001  28.31255498  40.85258572  28.34422560  74.33 2761.68 15000.00 
 40.84415160  28.28899156  40.84623001  28.31255498  82.52 2000.00 15000.00 
 40.84206837  28.26542948  40.84415160  28.28899156  82.52 2000.00 15000.00 
 40.83957801  28.23733599  40.84206837  28.26542948  82.52 2384.79 15000.00 
 40.83527401  28.19354499  40.83957801  28.23733599  81.83 3723.19 15000.00 
 40.82001201  28.15387499  40.83527401  28.19354499  62.37 3750.01 15000.00 
 40.82392601  28.12450899  40.82001201  28.15387499  99.21 2514.47 15000.00 
 40.81531501  28.10184099  40.82392601  28.12450899  62.71 2137.50 15000.00 
 40.80552901  28.06062599  40.81531501  28.10184099  71.94 3642.31 15000.00 
 40.79926501  28.04207899  40.80552901  28.06062599  65.35 1712.21 15000.00 
 40.80474601  28.00910599  40.79926501  28.04207899 101.67 2847.39 15000.00 
 40.80822194  27.98584198  40.80474601  28.00910599 100.47 2000.00 15000.00 
 40.81335801  27.95140499  40.80822194  27.98584198 100.47 2960.14 15000.00 
 40.81648901  27.92512999  40.81335801  27.95140499  98.30 2243.20 15000.00 
 40.81218401  27.89833999  40.81648901  27.92512999  77.46 2309.54 15000.00 
 40.81251056  27.87463187  40.81218401  27.89833999  90.46 2000.00 15000.00 
 40.81283224  27.85092342  40.81251056  27.87463187  90.46 2000.00 15000.00 
 40.81314905  27.82721467  40.81283224  27.85092342  90.46 2000.00 15000.00 
 40.81346099  27.80350562  40.81314905  27.82721467  90.46 2000.00 15000.00 
 40.81376806  27.77979626  40.81346099  27.80350562  90.46 2000.00 15000.00 
 40.81414101  27.75047999  40.81376806  27.77979626  90.46 2472.94 15000.00 
 40.80748701  27.72575099  40.81414101  27.75047999  70.02 2212.72 15000.00 
 40.80937537  27.70217040  40.80748701  27.72575099  95.55 2000.00 15000.00 
 40.81140101  27.67680699  40.80937537  27.70217040  95.55 2151.08 15000.00 
 40.80751897  27.65365228  40.81140101  27.67680699  77.12 2000.00 15000.00 
 40.80363226  27.63050021  40.80751897  27.65365228  77.12 2000.00 15000.00 
 40.79974089  27.60735078  40.80363226  27.63050021  77.12 2000.00 15000.00 
 40.79339201  27.56964699  40.79974089  27.60735078  77.12 3257.92 15000.00 
 40.79377331  27.54594598  40.79339201  27.56964699  90.85 2000.00 15000.00 
 40.79414974  27.52224463  40.79377331  27.54594598  90.85 2000.00 15000.00 
 40.79452131  27.49854298  40.79414974  27.52224463  90.85 2000.00 15000.00 
 40.79495901  27.47021499  40.79452131  27.49854298  90.85 2390.35 15000.00 
 40.78761123  27.44857029  40.79495901  27.47021499  65.63 2000.00 15000.00 
 40.78025937  27.42693033  40.78761123  27.44857029  65.63 2000.00 15000.00 
 40.77185401  27.40221000  40.78025937  27.42693033  65.63 2285.23 15000.00 
 40.76568205  27.37994601  40.77185401  27.40221000  69.71 2000.00 15000.00 
 40.75950577  27.35768611  40.76568205  27.37994601  69.71 2000.00 15000.00 
 40.75332518  27.33543031  40.75950577  27.35768611  69.71 2000.00 15000.00 
 40.74714027  27.31317861  40.75332518  27.33543031  69.71 2000.00 15000.00 
 40.74095105  27.29093101  40.74714027  27.31317861  69.71 2000.00 15000.00 
 40.73475752  27.26868751  40.74095105  27.29093101  69.71 2000.00 15000.00 
 40.72855969  27.24644811  40.73475752  27.26868751  69.71 2000.00 15000.00 
 40.72235756  27.22421283  40.72855969  27.24644811  69.71 2000.00 15000.00 
 40.71615112  27.20198166  40.72235756  27.22421283  69.71 2000.00 15000.00 
 40.70994039  27.17975460  40.71615112  27.20198166  69.71 2000.00 15000.00 
 40.70372536  27.15753166  40.70994039  27.17975460  69.71 2000.00 15000.00 
 40.69347301  27.12091500  40.70372536  27.15753166  69.71 3296.20 15000.00 
 40.68641400  27.09913712  40.69347301  27.12091500  66.86 2000.00 15000.00 
 40.67935087  27.07736382  40.68641400  27.09913712  66.86 2000.00 15000.00 
 40.67228362  27.05559512  40.67935087  27.07736382  66.86 2000.00 15000.00 
 40.66521226  27.03383101  40.67228362  27.05559512  66.86 2000.00 15000.00 
 40.65813678  27.01207150  40.66521226  27.03383101  66.86 2000.00 15000.00 
 40.65105720  26.99031659  40.65813678  27.01207150  66.86 2000.00 15000.00 
 40.64397351  26.96856628  40.65105720  26.99031659  66.86 2000.00 15000.00 
 40.63688571  26.94682056  40.64397351  26.96856628  66.86 2000.00 15000.00 
 40.62979382  26.92507946  40.63688571  26.94682056  66.86 2000.00 15000.00 
 40.62269783  26.90334295  40.62979382  26.92507946  66.86 2000.00 15000.00 
 40.61559775  26.88161106  40.62269783  26.90334295  66.86 2000.00 15000.00 
 40.60793201  26.85816700  40.61559775  26.88161106  66.86 2158.05 15000.00 
 40.60245657  26.83564480  40.60793201  26.85816700  72.41 2000.00 15000.00 
 40.59615201  26.80973900  40.60245657  26.83564480  72.41 2300.87 15000.00 
 40.58913780  26.78796778  40.59615201  26.80973900  67.22 2000.00 15000.00 
 40.58211949  26.76620113  40.58913780  26.78796778  67.22 2000.00 15000.00 
 40.57509709  26.74443904  40.58211949  26.76620113  67.22 2000.00 15000.00 
 40.56807059  26.72268153  40.57509709  26.74443904  67.22 2000.00 15000.00 
 40.56104000  26.70092858  40.56807059  26.72268153  67.22 2000.00 15000.00 
 40.55400532  26.67918020  40.56104000  26.70092858  67.22 2000.00 15000.00 
 40.54696656  26.65743641  40.55400532  26.67918020  67.22 2000.00 15000.00 
 40.53992372  26.63569718  40.54696656  26.65743641  67.22 2000.00 15000.00 
 40.53287680  26.61396254  40.53992372  26.63569718  67.22 2000.00 15000.00 
 40.52582581  26.59223248  40.53287680  26.61396254  67.22 2000.00 15000.00 
 40.51877074  26.57050700  40.52582581  26.59223248  67.22 2000.00 15000.00 
 40.51171161  26.54878611  40.51877074  26.57050700  67.22 2000.00 15000.00 
 40.50464840  26.52706980  40.51171161  26.54878611  67.22 2000.00 15000.00 
 40.49436101  26.49547101  40.50464840  26.52706980  67.22 2910.90 15000.00 
 40.49000219  26.47257199  40.49436101  26.49547101  76.34 2000.00 15000.00 
 40.48563885  26.44967599  40.49000219  26.47257199  76.34 2000.00 15000.00 
 40.48127100  26.42678300  40.48563885  26.44967599  76.34 2000.00 15000.00 
 40.47689862  26.40389303  40.48127100  26.42678300  76.34 2000.00 15000.00 
 40.47252174  26.38100608  40.47689862  26.40389303  76.34 2000.00 15000.00 
 40.46814034  26.35812216  40.47252174  26.38100608  76.34 2000.00 15000.00 
 40.46375442  26.33524127  40.46814034  26.35812216  76.34 2000.00 15000.00 
 40.45936400  26.31236342  40.46375442  26.33524127  76.34 2000.00 15000.00 
 40.45496908  26.28948861  40.45936400  26.31236342  76.34 2000.00 15000.00 
 40.45056965  26.26661684  40.45496908  26.28948861  76.34 2000.00 15000.00 
 40.44616571  26.24374812  40.45056965  26.26661684  76.34 2000.00 15000.00 
 40.43966801  26.21005501  40.44616571  26.24374812  76.34 2947.14 15000.00 
 40.43372089  26.18779676  40.43966801  26.21005501  71.25 2000.00 15000.00 
 40.42776952  26.16554250  40.43372089  26.18779676  71.25 2000.00 15000.00 
 40.42181389  26.14329223  40.42776952  26.16554250  71.25 2000.00 15000.00 
 40.41585402  26.12104595  40.42181389  26.14329223  71.25 2000.00 15000.00 
 40.40988991  26.09880367  40.41585402  26.12104595  71.25 2000.00 15000.00 
 40.40392155  26.07656538  40.40988991  26.09880367  71.25 2000.00 15000.00 
 40.39794896  26.05433109  40.40392155  26.07656538  71.25 2000.00 15000.00 
 40.38690001  26.01325101  40.39794896  26.05433109  71.25 3696.15 15000.00 
 40.38332568  25.99015824  40.38690001  26.01325101  79.20 2000.00 15000.00 
 40.37974678  25.96706800  40.38332568  25.99015824  79.20 2000.00 15000.00 
 40.37616329  25.94398030  40.37974678  25.96706800  79.20 2000.00 15000.00 
 40.37257522  25.92089515  40.37616329  25.94398030  79.20 2000.00 15000.00 
 40.36898257  25.89781254  40.37257522  25.92089515  79.20 2000.00 15000.00 
 40.36538535  25.87473249  40.36898257  25.89781254  79.20 2000.00 15000.00 
 40.36178355  25.85165499  40.36538535  25.87473249  79.20 2000.00 15000.00 
 40.35817718  25.82858006  40.36178355  25.85165499  79.20 2000.00 15000.00 
 40.35456623  25.80550770  40.35817718  25.82858006  79.20 2000.00 15000.00 
 40.35095071  25.78243790  40.35456623  25.80550770  79.20 2000.00 15000.00 
 40.34512801  25.74535101  40.35095071  25.78243790  79.20 3215.66 15000.00 
 40.33975076  25.72287926  40.34512801  25.74535101  73.45 2000.00 15000.00 
 40.33436921  25.70041118  40.33975076  25.72287926  73.45 2000.00 15000.00 
 40.32898334  25.67794678  40.33436921  25.70041118  73.45 2000.00 15000.00 
 40.32359315  25.65548606  40.32898334  25.67794678  73.45 2000.00 15000.00 
 40.31819866  25.63302902  40.32359315  25.65548606  73.45 2000.00 15000.00 
 40.31200701  25.60728002  40.31819866  25.63302902  73.45 2293.58 15000.00 
 40.30309055  25.58683226  40.31200701  25.60728002  61.24 2000.00 15000.00 
 40.29267901  25.56297302  40.30309055  25.58683226  61.24 2334.35 15000.00 
 40.28742001  25.54047199  40.29267901  25.56297302  73.96 2000.00 15000.00 
 40.28215670  25.51797456  40.28742001  25.54047199  73.96 2000.00 15000.00 
 40.27688907  25.49548076  40.28215670  25.51797456  73.96 2000.00 15000.00 
 40.27161713  25.47299056  40.27688907  25.49548076  73.96 2000.00 15000.00 
 40.26190101  25.43159902  40.27161713  25.47299056  73.96 3681.69 15000.00 
 40.25918845  25.40835245  40.26190101  25.43159902  82.36 2000.00 15000.00 
 40.25647125  25.38510789  40.25918845  25.40835245  82.36 2000.00 15000.00 
 40.25374942  25.36186534  40.25647125  25.38510789  82.36 2000.00 15000.00 
 40.25102296  25.33862481  40.25374942  25.36186534  82.36 2000.00 15000.00 
 40.24729601  25.30692302  40.25102296  25.33862481  82.36 2728.43 15000.00 
